0	1	2	3	4	5	6	7	8	9	10	11	12	13	14	15	16	17	18	19	20	21	22	23	24	25	26	27	28	29	30	31	32	33	34	35	36	37	38	39	40	41	42	43	44	45	46	47	48	49	50	51	52	53	54	55	56	57	58	59	60	61	62	63	64	65	66	67	68	69	70	71	72	73	74	75	76	77	78	79	80	81	82	83	84	85	86	87	88	89	90	91	92	93	94	95	96	97	98	99
1.0	0.6198170138212965	0.7536175205318733	0.6496927129060579	0.45830311820159536	0.45830311820159536	0.5475174352034975	0.6203656419160454	0.6221408966148216	0.7536175205318733	0.6496927129060579	0.7480245829675154	0.7536175205318733	0.45830311820159536	0.7480245829675154	0.723441615452151	0.5475174352034975	0.7536175205318733	0.723441615452151	0.3944146514216331	0.45830311820159536	0.5241212609527647	0.7536175205318733	0.7536175205318733	0.7536175205318733	0.6496927129060579	0.7839294463498285	0.45830311820159536	0.45830311820159536	0.7480245829675154	0.7536175205318733	0.6496927129060579	0.6496927129060579	0.7045205069354356	0.4634171369933299	0.5241212609527647	0.45830311820159536	0.6496927129060579	0.45830311820159536	0.6496927129060579	0.45830311820159536	0.45830311820159536	0.723441615452151	0.45830311820159536	0.7480245829675154	0.45830311820159536	0.6496927129060579	0.7536175205318733	0.7536175205318733	0.45830311820159536	0.7536175205318733	0.5701572233758528	0.45830311820159536	0.45830311820159536	0.45830311820159536	0.8433734939759037	0.45830311820159536	0.5475174352034975	0.8732151413512218	0.7839294463498285	0.5701572233758528	0.5196706312900274	0.723441615452151	0.6496927129060579	0.6496927129060579	0.4478297161936561	0.723441615452151	0.5475174352034975	0.7536175205318733	0.5475174352034975	0.7536175205318733	0.7536175205318733	0.45830311820159536	0.45830311820159536	0.723441615452151	0.6496927129060579	0.723441615452151	0.45830311820159536	0.3799854967367658	0.45830311820159536	0.5475174352034975	0.723441615452151	0.45830311820159536	0.45830311820159536	0.6496927129060579	0.723441615452151	0.5701572233758528	0.7536175205318733	0.8433734939759037	0.6496927129060579	0.8433734939759037	0.7045205069354356	0.723441615452151	0.8433734939759037	0.7536175205318733	0.7839294463498285	0.5196706312900274	0.45830311820159536	0.45830311820159536	0.6496927129060579
0.6198170138212965	1.0	0.839085729255354	0.9691267274331079	0.3757605256753468	0.3757605256753468	0.39907760036336953	0.5920723560245298	0.42651119975452595	0.839085729255354	0.9691267274331079	0.46280505733607763	0.839085729255354	0.3757605256753468	0.46280505733607763	0.8703322552190532	0.4254917717759687	0.839085729255354	0.8703322552190532	0.5575272283106573	0.3757605256753468	0.36819179469863245	0.839085729255354	0.839085729255354	0.839085729255354	0.9691267274331079	0.4727081760593429	0.3757605256753468	0.3757605256753468	0.46280505733607763	0.839085729255354	0.9691267274331079	0.9691267274331079	0.424763370012375	0.6681585017385616	0.36819179469863245	0.3757605256753468	0.9691267274331079	0.3757605256753468	0.9691267274331079	0.3757605256753468	0.3757605256753468	0.8703322552190532	0.3757605256753468	0.46280505733607763	0.3757605256753468	0.9691267274331079	0.839085729255354	0.839085729255354	0.3757605256753468	0.839085729255354	0.8935493489712752	0.3757605256753468	0.3757605256753468	0.3757605256753468	0.5645161290322581	0.3757605256753468	0.4254917717759687	0.5332135869390897	0.4727081760593429	0.8935493489712752	0.6971463639153115	0.8703322552190532	0.9691267274331079	0.9691267274331079	0.377723292469352	0.8703322552190532	0.4254917717759687	0.839085729255354	0.4254917717759687	0.839085729255354	0.839085729255354	0.3757605256753468	0.3757605256753468	0.8703322552190532	0.9691267274331079	0.8703322552190532	0.3757605256753468	0.5466050133852519	0.3757605256753468	0.4254917717759687	0.8703322552190532	0.3757605256753468	0.3757605256753468	0.9691267274331079	0.8703322552190532	0.8935493489712752	0.839085729255354	0.5645161290322581	0.9691267274331079	0.5645161290322581	0.424763370012375	0.8703322552190532	0.5645161290322581	0.839085729255354	0.4727081760593429	0.6971463639153115	0.3757605256753468	0.3757605256753468	0.9691267274331079
0.7536175205318733	0.839085729255354	1.0	0.8697193500738553	0.3714775790247488	0.3714775790247488	0.4347489532388023	0.6546457507326323	0.46187094782340227	1.0	0.8697193500738553	0.5471196454948302	1.0	0.3714775790247488	0.5471196454948302	0.9689807976366323	0.4347489532388023	1.0	0.9689807976366323	0.619380823975151	0.3714775790247488	0.39017763135550043	1.0	1.0	1.0	0.8697193500738553	0.5823411062370131	0.3714775790247488	0.3714775790247488	0.5471196454948302	1.0	0.8697193500738553	0.8697193500738553	0.523289053304187	0.7183894105824873	0.39017763135550043	0.3714775790247488	0.8697193500738553	0.3714775790247488	0.8697193500738553	0.3714775790247488	0.3714775790247488	0.9689807976366323	0.3714775790247488	0.5471196454948302	0.3714775790247488	0.8697193500738553	1.0	1.0	0.3714775790247488	1.0	0.7922869417524229	0.3714775790247488	0.3714775790247488	0.3714775790247488	0.6234817813765182	0.3714775790247488	0.4347489532388023	0.6530323037778994	0.5823411062370131	0.7922869417524229	0.7730781105279407	0.9689807976366323	0.8697193500738553	0.8697193500738553	0.38662339494849723	0.9689807976366323	0.4347489532388023	1.0	0.4347489532388023	1.0	1.0	0.3714775790247488	0.3714775790247488	0.9689807976366323	0.8697193500738553	0.9689807976366323	0.3714775790247488	0.6096544964469492	0.3714775790247488	0.4347489532388023	0.9689807976366323	0.3714775790247488	0.3714775790247488	0.8697193500738553	0.9689807976366323	0.7922869417524229	1.0	0.6234817813765182	0.8697193500738553	0.6234817813765182	0.523289053304187	0.9689807976366323	0.6234817813765182	1.0	0.5823411062370131	0.7730781105279407	0.3714775790247488	0.3714775790247488	0.8697193500738553
0.6496927129060579	0.9691267274331079	0.8697193500738553	1.0	0.35384615384615387	0.35384615384615387	0.40359734932155256	0.5712960098979276	0.4053554939981533	0.8697193500738553	1.0	0.4677276746242264	0.8697193500738553	0.35384615384615387	0.4677276746242264	0.8390804597701149	0.40359734932155256	0.8697193500738553	0.8390804597701149	0.5626339969372128	0.35384615384615387	0.3471502590673575	0.8697193500738553	0.8697193500738553	0.8697193500738553	1.0	0.5025170269469944	0.35384615384615387	0.35384615384615387	0.4677276746242264	0.8697193500738553	1.0	1.0	0.4548747358889224	0.6474976686353746	0.3471502590673575	0.35384615384615387	1.0	0.35384615384615387	1.0	0.35384615384615387	0.35384615384615387	0.8390804597701149	0.35384615384615387	0.4677276746242264	0.35384615384615387	1.0	0.8697193500738553	0.8697193500738553	0.35384615384615387	0.8697193500738553	0.9246636771300448	0.35384615384615387	0.35384615384615387	0.35384615384615387	0.5333333333333333	0.35384615384615387	0.40359734932155256	0.5626265548163147	0.5025170269469944	0.9246636771300448	0.6768236380424746	0.8390804597701149	1.0	1.0	0.3821575450806707	0.8390804597701149	0.40359734932155256	0.8697193500738553	0.40359734932155256	0.8697193500738553	0.8697193500738553	0.35384615384615387	0.35384615384615387	0.8390804597701149	1.0	0.8390804597701149	0.35384615384615387	0.5516483516483517	0.35384615384615387	0.40359734932155256	0.8390804597701149	0.35384615384615387	0.35384615384615387	1.0	0.8390804597701149	0.9246636771300448	0.8697193500738553	0.5333333333333333	1.0	0.5333333333333333	0.4548747358889224	0.8390804597701149	0.5333333333333333	0.8697193500738553	0.5025170269469944	0.6768236380424746	0.35384615384615387	0.35384615384615387	1.0
0.45830311820159536	0.3757605256753468	0.3714775790247488	0.35384615384615387	1.0	1.0	0.7520928976505536	0.5470511140235911	0.7049180327868853	0.3714775790247488	0.35384615384615387	0.5384615384615384	0.3714775790247488	1.0	0.5384615384615384	0.3934065934065934	0.8833378341884958	0.3714775790247488	0.3934065934065934	0.45595453371221906	1.0	0.8061041292639138	0.3714775790247488	0.3714775790247488	0.3714775790247488	0.35384615384615387	0.5220063929186133	1.0	1.0	0.5384615384615384	0.3714775790247488	0.35384615384615387	0.35384615384615387	0.5357774968394438	0.629257987853182	0.8061041292639138	1.0	0.35384615384615387	1.0	0.35384615384615387	1.0	1.0	0.3934065934065934	1.0	0.5384615384615384	1.0	0.35384615384615387	0.3714775790247488	0.3714775790247488	1.0	0.3714775790247488	0.3268511593118923	1.0	1.0	1.0	0.5458422174840085	1.0	0.8833378341884958	0.5250772521987164	0.5220063929186133	0.3268511593118923	0.49414519906323184	0.3934065934065934	0.35384615384615387	0.35384615384615387	0.7584711303876389	0.3934065934065934	0.8833378341884958	0.3714775790247488	0.8833378341884958	0.3714775790247488	0.3714775790247488	1.0	1.0	0.3934065934065934	0.35384615384615387	0.3934065934065934	1.0	0.5658000536049317	1.0	0.8833378341884958	0.3934065934065934	1.0	1.0	0.35384615384615387	0.3934065934065934	0.3268511593118923	0.3714775790247488	0.5458422174840085	0.35384615384615387	0.5458422174840085	0.5357774968394438	0.3934065934065934	0.5458422174840085	0.3714775790247488	0.5220063929186133	0.49414519906323184	1.0	1.0	0.35384615384615387
0.45830311820159536	0.3757605256753468	0.3714775790247488	0.35384615384615387	1.0	1.0	0.7520928976505536	0.5470511140235911	0.7049180327868853	0.3714775790247488	0.35384615384615387	0.5384615384615384	0.3714775790247488	1.0	0.5384615384615384	0.3934065934065934	0.8833378341884958	0.3714775790247488	0.3934065934065934	0.45595453371221906	1.0	0.8061041292639138	0.3714775790247488	0.3714775790247488	0.3714775790247488	0.35384615384615387	0.5220063929186133	1.0	1.0	0.5384615384615384	0.3714775790247488	0.35384615384615387	0.35384615384615387	0.5357774968394438	0.629257987853182	0.8061041292639138	1.0	0.35384615384615387	1.0	0.35384615384615387	1.0	1.0	0.3934065934065934	1.0	0.5384615384615384	1.0	0.35384615384615387	0.3714775790247488	0.3714775790247488	1.0	0.3714775790247488	0.3268511593118923	1.0	1.0	1.0	0.5458422174840085	1.0	0.8833378341884958	0.5250772521987164	0.5220063929186133	0.3268511593118923	0.49414519906323184	0.3934065934065934	0.35384615384615387	0.35384615384615387	0.7584711303876389	0.3934065934065934	0.8833378341884958	0.3714775790247488	0.8833378341884958	0.3714775790247488	0.3714775790247488	1.0	1.0	0.3934065934065934	0.35384615384615387	0.3934065934065934	1.0	0.5658000536049317	1.0	0.8833378341884958	0.3934065934065934	1.0	1.0	0.35384615384615387	0.3934065934065934	0.3268511593118923	0.3714775790247488	0.5458422174840085	0.35384615384615387	0.5458422174840085	0.5357774968394438	0.3934065934065934	0.5458422174840085	0.3714775790247488	0.5220063929186133	0.49414519906323184	1.0	1.0	0.35384615384615387
0.5475174352034975	0.39907760036336953	0.4347489532388023	0.40359734932155256	0.7520928976505536	0.7520928976505536	1.0	0.529655744504355	0.7170764567194342	0.4347489532388023	0.40359734932155256	0.7084253707794257	0.4347489532388023	0.7520928976505536	0.7084253707794257	0.4301041337961502	0.8677345359822713	0.4347489532388023	0.4301041337961502	0.6349318375989005	0.7520928976505536	0.5958113638877622	0.4347489532388023	0.4347489532388023	0.4347489532388023	0.40359734932155256	0.6396313689488365	0.7520928976505536	0.7520928976505536	0.7084253707794257	0.4347489532388023	0.40359734932155256	0.40359734932155256	0.6703608153773482	0.5691653052695567	0.5958113638877622	0.7520928976505536	0.40359734932155256	0.7520928976505536	0.40359734932155256	0.7520928976505536	0.7520928976505536	0.4301041337961502	0.7520928976505536	0.7084253707794257	0.7520928976505536	0.40359734932155256	0.4347489532388023	0.4347489532388023	0.7520928976505536	0.4347489532388023	0.39078113248092833	0.7520928976505536	0.7520928976505536	0.7520928976505536	0.6209850107066381	0.7520928976505536	0.8677345359822713	0.6261382626786263	0.6396313689488365	0.39078113248092833	0.4624452677669249	0.4301041337961502	0.40359734932155256	0.40359734932155256	0.7860739237344366	0.4301041337961502	0.8677345359822713	0.4347489532388023	0.8677345359822713	0.4347489532388023	0.4347489532388023	0.7520928976505536	0.7520928976505536	0.4301041337961502	0.40359734932155256	0.4301041337961502	0.7520928976505536	0.7812584391034296	0.7520928976505536	0.8677345359822713	0.4301041337961502	0.7520928976505536	0.7520928976505536	0.40359734932155256	0.4301041337961502	0.39078113248092833	0.4347489532388023	0.6209850107066381	0.40359734932155256	0.6209850107066381	0.6703608153773482	0.4301041337961502	0.6209850107066381	0.4347489532388023	0.6396313689488365	0.4624452677669249	0.7520928976505536	0.7520928976505536	0.40359734932155256
0.6203656419160454	0.5920723560245298	0.6546457507326323	0.5712960098979276	0.5470511140235911	0.5470511140235911	0.529655744504355	1.0	0.7658248606100361	0.6546457507326323	0.5712960098979276	0.5453139498917414	0.6546457507326323	0.5470511140235911	0.5453139498917414	0.6752242499226725	0.6294257380943403	0.6546457507326323	0.6752242499226725	0.5484524886877828	0.5470511140235911	0.6737746772627566	0.6546457507326323	0.6546457507326323	0.6546457507326323	0.5712960098979276	0.5293466606716701	0.5470511140235911	0.5470511140235911	0.5453139498917414	0.6546457507326323	0.5712960098979276	0.5712960098979276	0.46339212833161797	0.7347172459646142	0.6737746772627566	0.5470511140235911	0.5712960098979276	0.5470511140235911	0.5712960098979276	0.5470511140235911	0.5470511140235911	0.6752242499226725	0.5470511140235911	0.5453139498917414	0.5470511140235911	0.5712960098979276	0.6546457507326323	0.6546457507326323	0.5470511140235911	0.6546457507326323	0.5762480294272202	0.5470511140235911	0.5470511140235911	0.5470511140235911	0.5263157894736842	0.5470511140235911	0.6294257380943403	0.5058492273656688	0.5293466606716701	0.5762480294272202	0.8760249262053132	0.6752242499226725	0.5712960098979276	0.5712960098979276	0.4064474630141133	0.6752242499226725	0.6294257380943403	0.6546457507326323	0.6294257380943403	0.6546457507326323	0.6546457507326323	0.5470511140235911	0.5470511140235911	0.6752242499226725	0.5712960098979276	0.6752242499226725	0.5470511140235911	0.5328964613368283	0.5470511140235911	0.6294257380943403	0.6752242499226725	0.5470511140235911	0.5470511140235911	0.5712960098979276	0.6752242499226725	0.5762480294272202	0.6546457507326323	0.5263157894736842	0.5712960098979276	0.5263157894736842	0.46339212833161797	0.6752242499226725	0.5263157894736842	0.6546457507326323	0.5293466606716701	0.8760249262053132	0.5470511140235911	0.5470511140235911	0.5712960098979276
0.6221408966148216	0.42651119975452595	0.46187094782340227	0.4053554939981533	0.7049180327868853	0.7049180327868853	0.7170764567194342	0.7658248606100361	1.0	0.46187094782340227	0.4053554939981533	0.7673130193905817	0.46187094782340227	0.7049180327868853	0.7673130193905817	0.48291782086795937	0.8160996968676322	0.46187094782340227	0.48291782086795937	0.3745548721269019	0.7049180327868853	0.8784174975876488	0.46187094782340227	0.46187094782340227	0.46187094782340227	0.4053554939981533	0.7528646639826572	0.7049180327868853	0.7049180327868853	0.7673130193905817	0.46187094782340227	0.4053554939981533	0.4053554939981533	0.6665608129564942	0.528557279630241	0.8784174975876488	0.7049180327868853	0.4053554939981533	0.7049180327868853	0.4053554939981533	0.7049180327868853	0.7049180327868853	0.48291782086795937	0.7049180327868853	0.7673130193905817	0.7049180327868853	0.4053554939981533	0.46187094782340227	0.46187094782340227	0.7049180327868853	0.46187094782340227	0.40733772342427094	0.7049180327868853	0.7049180327868853	0.7049180327868853	0.7421383647798742	0.7049180327868853	0.8160996968676322	0.7224391709221989	0.7528646639826572	0.40733772342427094	0.6715542521994134	0.48291782086795937	0.4053554939981533	0.4053554939981533	0.5386955052382562	0.48291782086795937	0.8160996968676322	0.46187094782340227	0.8160996968676322	0.46187094782340227	0.46187094782340227	0.7049180327868853	0.7049180327868853	0.48291782086795937	0.4053554939981533	0.48291782086795937	0.7049180327868853	0.5081967213114754	0.7049180327868853	0.8160996968676322	0.48291782086795937	0.7049180327868853	0.7049180327868853	0.4053554939981533	0.48291782086795937	0.40733772342427094	0.46187094782340227	0.7421383647798742	0.4053554939981533	0.7421383647798742	0.6665608129564942	0.48291782086795937	0.7421383647798742	0.46187094782340227	0.7528646639826572	0.6715542521994134	0.7049180327868853	0.7049180327868853	0.4053554939981533
0.7536175205318733	0.839085729255354	1.0	0.8697193500738553	0.3714775790247488	0.3714775790247488	0.4347489532388023	0.6546457507326323	0.46187094782340227	1.0	0.8697193500738553	0.5471196454948302	1.0	0.3714775790247488	0.5471196454948302	0.9689807976366323	0.4347489532388023	1.0	0.9689807976366323	0.619380823975151	0.3714775790247488	0.39017763135550043	1.0	1.0	1.0	0.8697193500738553	0.5823411062370131	0.3714775790247488	0.3714775790247488	0.5471196454948302	1.0	0.8697193500738553	0.8697193500738553	0.523289053304187	0.7183894105824873	0.39017763135550043	0.3714775790247488	0.8697193500738553	0.3714775790247488	0.8697193500738553	0.3714775790247488	0.3714775790247488	0.9689807976366323	0.3714775790247488	0.5471196454948302	0.3714775790247488	0.8697193500738553	1.0	1.0	0.3714775790247488	1.0	0.7922869417524229	0.3714775790247488	0.3714775790247488	0.3714775790247488	0.6234817813765182	0.3714775790247488	0.4347489532388023	0.6530323037778994	0.5823411062370131	0.7922869417524229	0.7730781105279407	0.9689807976366323	0.8697193500738553	0.8697193500738553	0.38662339494849723	0.9689807976366323	0.4347489532388023	1.0	0.4347489532388023	1.0	1.0	0.3714775790247488	0.3714775790247488	0.9689807976366323	0.8697193500738553	0.9689807976366323	0.3714775790247488	0.6096544964469492	0.3714775790247488	0.4347489532388023	0.9689807976366323	0.3714775790247488	0.3714775790247488	0.8697193500738553	0.9689807976366323	0.7922869417524229	1.0	0.6234817813765182	0.8697193500738553	0.6234817813765182	0.523289053304187	0.9689807976366323	0.6234817813765182	1.0	0.5823411062370131	0.7730781105279407	0.3714775790247488	0.3714775790247488	0.8697193500738553
0.6496927129060579	0.9691267274331079	0.8697193500738553	1.0	0.35384615384615387	0.35384615384615387	0.40359734932155256	0.5712960098979276	0.4053554939981533	0.8697193500738553	1.0	0.4677276746242264	0.8697193500738553	0.35384615384615387	0.4677276746242264	0.8390804597701149	0.40359734932155256	0.8697193500738553	0.8390804597701149	0.5626339969372128	0.35384615384615387	0.3471502590673575	0.8697193500738553	0.8697193500738553	0.8697193500738553	1.0	0.5025170269469944	0.35384615384615387	0.35384615384615387	0.4677276746242264	0.8697193500738553	1.0	1.0	0.4548747358889224	0.6474976686353746	0.3471502590673575	0.35384615384615387	1.0	0.35384615384615387	1.0	0.35384615384615387	0.35384615384615387	0.8390804597701149	0.35384615384615387	0.4677276746242264	0.35384615384615387	1.0	0.8697193500738553	0.8697193500738553	0.35384615384615387	0.8697193500738553	0.9246636771300448	0.35384615384615387	0.35384615384615387	0.35384615384615387	0.5333333333333333	0.35384615384615387	0.40359734932155256	0.5626265548163147	0.5025170269469944	0.9246636771300448	0.6768236380424746	0.8390804597701149	1.0	1.0	0.3821575450806707	0.8390804597701149	0.40359734932155256	0.8697193500738553	0.40359734932155256	0.8697193500738553	0.8697193500738553	0.35384615384615387	0.35384615384615387	0.8390804597701149	1.0	0.8390804597701149	0.35384615384615387	0.5516483516483517	0.35384615384615387	0.40359734932155256	0.8390804597701149	0.35384615384615387	0.35384615384615387	1.0	0.8390804597701149	0.9246636771300448	0.8697193500738553	0.5333333333333333	1.0	0.5333333333333333	0.4548747358889224	0.8390804597701149	0.5333333333333333	0.8697193500738553	0.5025170269469944	0.6768236380424746	0.35384615384615387	0.35384615384615387	1.0
0.7480245829675154	0.46280505733607763	0.5471196454948302	0.4677276746242264	0.5384615384615384	0.5384615384615384	0.7084253707794257	0.5453139498917414	0.7673130193905817	0.5471196454948302	0.4677276746242264	1.0	0.5471196454948302	0.5384615384615384	1.0	0.5419982316534041	0.6421584095929316	0.5471196454948302	0.5419982316534041	0.38254211332312404	0.5384615384615384	0.6543736665650717	0.5471196454948302	0.5471196454948302	0.5471196454948302	0.4677276746242264	0.9378146283683743	0.5384615384615384	0.5384615384615384	1.0	0.5471196454948302	0.4677276746242264	0.4677276746242264	0.8351946875943254	0.37332918868511034	0.6543736665650717	0.5384615384615384	0.4677276746242264	0.5384615384615384	0.4677276746242264	0.5384615384615384	0.5384615384615384	0.5419982316534041	0.5384615384615384	1.0	0.5384615384615384	0.4677276746242264	0.5471196454948302	0.5471196454948302	0.5384615384615384	0.5471196454948302	0.5103139013452915	0.5384615384615384	0.5384615384615384	0.5384615384615384	0.8606060606060606	0.5384615384615384	0.6421584095929316	0.8663581139716517	0.9378146283683743	0.5103139013452915	0.45706371191135736	0.5419982316534041	0.4677276746242264	0.4677276746242264	0.5681746282821892	0.5419982316534041	0.6421584095929316	0.5471196454948302	0.6421584095929316	0.5471196454948302	0.5471196454948302	0.5384615384615384	0.5384615384615384	0.5419982316534041	0.4677276746242264	0.5419982316534041	0.5384615384615384	0.512087912087912	0.5384615384615384	0.6421584095929316	0.5419982316534041	0.5384615384615384	0.5384615384615384	0.4677276746242264	0.5419982316534041	0.5103139013452915	0.5471196454948302	0.8606060606060606	0.4677276746242264	0.8606060606060606	0.8351946875943254	0.5419982316534041	0.8606060606060606	0.5471196454948302	0.9378146283683743	0.45706371191135736	0.5384615384615384	0.5384615384615384	0.4677276746242264
0.7536175205318733	0.839085729255354	1.0	0.8697193500738553	0.3714775790247488	0.3714775790247488	0.4347489532388023	0.6546457507326323	0.46187094782340227	1.0	0.8697193500738553	0.5471196454948302	1.0	0.3714775790247488	0.5471196454948302	0.9689807976366323	0.4347489532388023	1.0	0.9689807976366323	0.619380823975151	0.3714775790247488	0.39017763135550043	1.0	1.0	1.0	0.8697193500738553	0.5823411062370131	0.3714775790247488	0.3714775790247488	0.5471196454948302	1.0	0.8697193500738553	0.8697193500738553	0.523289053304187	0.7183894105824873	0.39017763135550043	0.3714775790247488	0.8697193500738553	0.3714775790247488	0.8697193500738553	0.3714775790247488	0.3714775790247488	0.9689807976366323	0.3714775790247488	0.5471196454948302	0.3714775790247488	0.8697193500738553	1.0	1.0	0.3714775790247488	1.0	0.7922869417524229	0.3714775790247488	0.3714775790247488	0.3714775790247488	0.6234817813765182	0.3714775790247488	0.4347489532388023	0.6530323037778994	0.5823411062370131	0.7922869417524229	0.7730781105279407	0.9689807976366323	0.8697193500738553	0.8697193500738553	0.38662339494849723	0.9689807976366323	0.4347489532388023	1.0	0.4347489532388023	1.0	1.0	0.3714775790247488	0.3714775790247488	0.9689807976366323	0.8697193500738553	0.9689807976366323	0.3714775790247488	0.6096544964469492	0.3714775790247488	0.4347489532388023	0.9689807976366323	0.3714775790247488	0.3714775790247488	0.8697193500738553	0.9689807976366323	0.7922869417524229	1.0	0.6234817813765182	0.8697193500738553	0.6234817813765182	0.523289053304187	0.9689807976366323	0.6234817813765182	1.0	0.5823411062370131	0.7730781105279407	0.3714775790247488	0.3714775790247488	0.8697193500738553
0.45830311820159536	0.3757605256753468	0.3714775790247488	0.35384615384615387	1.0	1.0	0.7520928976505536	0.5470511140235911	0.7049180327868853	0.3714775790247488	0.35384615384615387	0.5384615384615384	0.3714775790247488	1.0	0.5384615384615384	0.3934065934065934	0.8833378341884958	0.3714775790247488	0.3934065934065934	0.45595453371221906	1.0	0.8061041292639138	0.3714775790247488	0.3714775790247488	0.3714775790247488	0.35384615384615387	0.5220063929186133	1.0	1.0	0.5384615384615384	0.3714775790247488	0.35384615384615387	0.35384615384615387	0.5357774968394438	0.629257987853182	0.8061041292639138	1.0	0.35384615384615387	1.0	0.35384615384615387	1.0	1.0	0.3934065934065934	1.0	0.5384615384615384	1.0	0.35384615384615387	0.3714775790247488	0.3714775790247488	1.0	0.3714775790247488	0.3268511593118923	1.0	1.0	1.0	0.5458422174840085	1.0	0.8833378341884958	0.5250772521987164	0.5220063929186133	0.3268511593118923	0.49414519906323184	0.3934065934065934	0.35384615384615387	0.35384615384615387	0.7584711303876389	0.3934065934065934	0.8833378341884958	0.3714775790247488	0.8833378341884958	0.3714775790247488	0.3714775790247488	1.0	1.0	0.3934065934065934	0.35384615384615387	0.3934065934065934	1.0	0.5658000536049317	1.0	0.8833378341884958	0.3934065934065934	1.0	1.0	0.35384615384615387	0.3934065934065934	0.3268511593118923	0.3714775790247488	0.5458422174840085	0.35384615384615387	0.5458422174840085	0.5357774968394438	0.3934065934065934	0.5458422174840085	0.3714775790247488	0.5220063929186133	0.49414519906323184	1.0	1.0	0.35384615384615387
0.7480245829675154	0.46280505733607763	0.5471196454948302	0.4677276746242264	0.5384615384615384	0.5384615384615384	0.7084253707794257	0.5453139498917414	0.7673130193905817	0.5471196454948302	0.4677276746242264	1.0	0.5471196454948302	0.5384615384615384	1.0	0.5419982316534041	0.6421584095929316	0.5471196454948302	0.5419982316534041	0.38254211332312404	0.5384615384615384	0.6543736665650717	0.5471196454948302	0.5471196454948302	0.5471196454948302	0.4677276746242264	0.9378146283683743	0.5384615384615384	0.5384615384615384	1.0	0.5471196454948302	0.4677276746242264	0.4677276746242264	0.8351946875943254	0.37332918868511034	0.6543736665650717	0.5384615384615384	0.4677276746242264	0.5384615384615384	0.4677276746242264	0.5384615384615384	0.5384615384615384	0.5419982316534041	0.5384615384615384	1.0	0.5384615384615384	0.4677276746242264	0.5471196454948302	0.5471196454948302	0.5384615384615384	0.5471196454948302	0.5103139013452915	0.5384615384615384	0.5384615384615384	0.5384615384615384	0.8606060606060606	0.5384615384615384	0.6421584095929316	0.8663581139716517	0.9378146283683743	0.5103139013452915	0.45706371191135736	0.5419982316534041	0.4677276746242264	0.4677276746242264	0.5681746282821892	0.5419982316534041	0.6421584095929316	0.5471196454948302	0.6421584095929316	0.5471196454948302	0.5471196454948302	0.5384615384615384	0.5384615384615384	0.5419982316534041	0.4677276746242264	0.5419982316534041	0.5384615384615384	0.512087912087912	0.5384615384615384	0.6421584095929316	0.5419982316534041	0.5384615384615384	0.5384615384615384	0.4677276746242264	0.5419982316534041	0.5103139013452915	0.5471196454948302	0.8606060606060606	0.4677276746242264	0.8606060606060606	0.8351946875943254	0.5419982316534041	0.8606060606060606	0.5471196454948302	0.9378146283683743	0.45706371191135736	0.5384615384615384	0.5384615384615384	0.4677276746242264
0.723441615452151	0.8703322552190532	0.9689807976366323	0.8390804597701149	0.3934065934065934	0.3934065934065934	0.4301041337961502	0.6752242499226725	0.48291782086795937	0.9689807976366323	0.8390804597701149	0.5419982316534041	0.9689807976366323	0.3934065934065934	0.5419982316534041	1.0	0.45661091827074785	0.9689807976366323	1.0	0.6140888208269525	0.3934065934065934	0.4111551356293813	0.9689807976366323	0.9689807976366323	0.9689807976366323	0.8390804597701149	0.5522653242522949	0.3934065934065934	0.3934065934065934	0.5419982316534041	0.9689807976366323	0.8390804597701149	0.8390804597701149	0.4929067310594627	0.7388871619521293	0.4111551356293813	0.3934065934065934	0.8390804597701149	0.3934065934065934	0.8390804597701149	0.3934065934065934	0.3934065934065934	1.0	0.3934065934065934	0.5419982316534041	0.3934065934065934	0.8390804597701149	0.9689807976366323	0.9689807976366323	0.3934065934065934	0.9689807976366323	0.7614349775784753	0.3934065934065934	0.3934065934065934	0.3934065934065934	0.6545454545454545	0.3934065934065934	0.45661091827074785	0.6233728666473821	0.5522653242522949	0.7614349775784753	0.7931671283471837	1.0	0.8390804597701149	0.8390804597701149	0.3821575450806707	1.0	0.45661091827074785	0.9689807976366323	0.45661091827074785	0.9689807976366323	0.9689807976366323	0.3934065934065934	0.3934065934065934	1.0	0.8390804597701149	1.0	0.3934065934065934	0.6043956043956044	0.3934065934065934	0.45661091827074785	1.0	0.3934065934065934	0.3934065934065934	0.8390804597701149	1.0	0.7614349775784753	0.9689807976366323	0.6545454545454545	0.8390804597701149	0.6545454545454545	0.4929067310594627	1.0	0.6545454545454545	0.9689807976366323	0.5522653242522949	0.7931671283471837	0.3934065934065934	0.3934065934065934	0.8390804597701149
0.5475174352034975	0.4254917717759687	0.4347489532388023	0.40359734932155256	0.8833378341884958	0.8833378341884958	0.8677345359822713	0.6294257380943403	0.8160996968676322	0.4347489532388023	0.40359734932155256	0.6421584095929316	0.4347489532388023	0.8833378341884958	0.6421584095929316	0.45661091827074785	1.0	0.4347489532388023	0.45661091827074785	0.508562089075443	0.8833378341884958	0.6933741381217506	0.4347489532388023	0.4347489532388023	0.4347489532388023	0.40359734932155256	0.6262843826136083	0.8833378341884958	0.8833378341884958	0.6421584095929316	0.4347489532388023	0.40359734932155256	0.40359734932155256	0.6428908833254605	0.6984157136886896	0.6933741381217506	0.8833378341884958	0.40359734932155256	0.8833378341884958	0.40359734932155256	0.8833378341884958	0.8833378341884958	0.45661091827074785	0.8833378341884958	0.6421584095929316	0.8833378341884958	0.40359734932155256	0.4347489532388023	0.4347489532388023	0.8833378341884958	0.4347489532388023	0.37724293542494897	0.8833378341884958	0.8833378341884958	0.8833378341884958	0.6466809421841542	0.8833378341884958	1.0	0.6261382626786263	0.6262843826136083	0.37724293542494897	0.5614685079151229	0.45661091827074785	0.40359734932155256	0.40359734932155256	0.6532922212247766	0.45661091827074785	1.0	0.4347489532388023	1.0	0.4347489532388023	0.4347489532388023	0.8833378341884958	0.8833378341884958	0.45661091827074785	0.40359734932155256	0.45661091827074785	0.8833378341884958	0.6500135025654874	0.8833378341884958	1.0	0.45661091827074785	0.8833378341884958	0.8833378341884958	0.40359734932155256	0.45661091827074785	0.37724293542494897	0.4347489532388023	0.6466809421841542	0.40359734932155256	0.6466809421841542	0.6428908833254605	0.45661091827074785	0.6466809421841542	0.4347489532388023	0.6262843826136083	0.5614685079151229	0.8833378341884958	0.8833378341884958	0.40359734932155256
0.7536175205318733	0.839085729255354	1.0	0.8697193500738553	0.3714775790247488	0.3714775790247488	0.4347489532388023	0.6546457507326323	0.46187094782340227	1.0	0.8697193500738553	0.5471196454948302	1.0	0.3714775790247488	0.5471196454948302	0.9689807976366323	0.4347489532388023	1.0	0.9689807976366323	0.619380823975151	0.3714775790247488	0.39017763135550043	1.0	1.0	1.0	0.8697193500738553	0.5823411062370131	0.3714775790247488	0.3714775790247488	0.5471196454948302	1.0	0.8697193500738553	0.8697193500738553	0.523289053304187	0.7183894105824873	0.39017763135550043	0.3714775790247488	0.8697193500738553	0.3714775790247488	0.8697193500738553	0.3714775790247488	0.3714775790247488	0.9689807976366323	0.3714775790247488	0.5471196454948302	0.3714775790247488	0.8697193500738553	1.0	1.0	0.3714775790247488	1.0	0.7922869417524229	0.3714775790247488	0.3714775790247488	0.3714775790247488	0.6234817813765182	0.3714775790247488	0.4347489532388023	0.6530323037778994	0.5823411062370131	0.7922869417524229	0.7730781105279407	0.9689807976366323	0.8697193500738553	0.8697193500738553	0.38662339494849723	0.9689807976366323	0.4347489532388023	1.0	0.4347489532388023	1.0	1.0	0.3714775790247488	0.3714775790247488	0.9689807976366323	0.8697193500738553	0.9689807976366323	0.3714775790247488	0.6096544964469492	0.3714775790247488	0.4347489532388023	0.9689807976366323	0.3714775790247488	0.3714775790247488	0.8697193500738553	0.9689807976366323	0.7922869417524229	1.0	0.6234817813765182	0.8697193500738553	0.6234817813765182	0.523289053304187	0.9689807976366323	0.6234817813765182	1.0	0.5823411062370131	0.7730781105279407	0.3714775790247488	0.3714775790247488	0.8697193500738553
0.723441615452151	0.8703322552190532	0.9689807976366323	0.8390804597701149	0.3934065934065934	0.3934065934065934	0.4301041337961502	0.6752242499226725	0.48291782086795937	0.9689807976366323	0.8390804597701149	0.5419982316534041	0.9689807976366323	0.3934065934065934	0.5419982316534041	1.0	0.45661091827074785	0.9689807976366323	1.0	0.6140888208269525	0.3934065934065934	0.4111551356293813	0.9689807976366323	0.9689807976366323	0.9689807976366323	0.8390804597701149	0.5522653242522949	0.3934065934065934	0.3934065934065934	0.5419982316534041	0.9689807976366323	0.8390804597701149	0.8390804597701149	0.4929067310594627	0.7388871619521293	0.4111551356293813	0.3934065934065934	0.8390804597701149	0.3934065934065934	0.8390804597701149	0.3934065934065934	0.3934065934065934	1.0	0.3934065934065934	0.5419982316534041	0.3934065934065934	0.8390804597701149	0.9689807976366323	0.9689807976366323	0.3934065934065934	0.9689807976366323	0.7614349775784753	0.3934065934065934	0.3934065934065934	0.3934065934065934	0.6545454545454545	0.3934065934065934	0.45661091827074785	0.6233728666473821	0.5522653242522949	0.7614349775784753	0.7931671283471837	1.0	0.8390804597701149	0.8390804597701149	0.3821575450806707	1.0	0.45661091827074785	0.9689807976366323	0.45661091827074785	0.9689807976366323	0.9689807976366323	0.3934065934065934	0.3934065934065934	1.0	0.8390804597701149	1.0	0.3934065934065934	0.6043956043956044	0.3934065934065934	0.45661091827074785	1.0	0.3934065934065934	0.3934065934065934	0.8390804597701149	1.0	0.7614349775784753	0.9689807976366323	0.6545454545454545	0.8390804597701149	0.6545454545454545	0.4929067310594627	1.0	0.6545454545454545	0.9689807976366323	0.5522653242522949	0.7931671283471837	0.3934065934065934	0.3934065934065934	0.8390804597701149
0.3944146514216331	0.5575272283106573	0.619380823975151	0.5626339969372128	0.45595453371221906	0.45595453371221906	0.6349318375989005	0.5484524886877828	0.3745548721269019	0.619380823975151	0.5626339969372128	0.38254211332312404	0.619380823975151	0.45595453371221906	0.38254211332312404	0.6140888208269525	0.508562089075443	0.619380823975151	0.6140888208269525	1.0	0.45595453371221906	0.31524171491492914	0.619380823975151	0.619380823975151	0.619380823975151	0.5626339969372128	0.31411551234208634	0.45595453371221906	0.45595453371221906	0.38254211332312404	0.619380823975151	0.5626339969372128	0.5626339969372128	0.3369584283459042	0.7658931108601407	0.31524171491492914	0.45595453371221906	0.5626339969372128	0.45595453371221906	0.5626339969372128	0.45595453371221906	0.45595453371221906	0.6140888208269525	0.45595453371221906	0.38254211332312404	0.45595453371221906	0.5626339969372128	0.619380823975151	0.619380823975151	0.45595453371221906	0.619380823975151	0.5546314585715771	0.45595453371221906	0.45595453371221906	0.45595453371221906	0.3048016701461378	0.45595453371221906	0.508562089075443	0.3090498188706836	0.31411551234208634	0.5546314585715771	0.6600841696341858	0.6140888208269525	0.5626339969372128	0.5626339969372128	0.5421682256922447	0.6140888208269525	0.508562089075443	0.619380823975151	0.508562089075443	0.619380823975151	0.619380823975151	0.45595453371221906	0.45595453371221906	0.6140888208269525	0.5626339969372128	0.6140888208269525	0.45595453371221906	0.7907517437354689	0.45595453371221906	0.508562089075443	0.6140888208269525	0.45595453371221906	0.45595453371221906	0.5626339969372128	0.6140888208269525	0.5546314585715771	0.619380823975151	0.3048016701461378	0.5626339969372128	0.3048016701461378	0.3369584283459042	0.6140888208269525	0.3048016701461378	0.619380823975151	0.31411551234208634	0.6600841696341858	0.45595453371221906	0.45595453371221906	0.5626339969372128
0.45830311820159536	0.3757605256753468	0.3714775790247488	0.35384615384615387	1.0	1.0	0.7520928976505536	0.5470511140235911	0.7049180327868853	0.3714775790247488	0.35384615384615387	0.5384615384615384	0.3714775790247488	1.0	0.5384615384615384	0.3934065934065934	0.8833378341884958	0.3714775790247488	0.3934065934065934	0.45595453371221906	1.0	0.8061041292639138	0.3714775790247488	0.3714775790247488	0.3714775790247488	0.35384615384615387	0.5220063929186133	1.0	1.0	0.5384615384615384	0.3714775790247488	0.35384615384615387	0.35384615384615387	0.5357774968394438	0.629257987853182	0.8061041292639138	1.0	0.35384615384615387	1.0	0.35384615384615387	1.0	1.0	0.3934065934065934	1.0	0.5384615384615384	1.0	0.35384615384615387	0.3714775790247488	0.3714775790247488	1.0	0.3714775790247488	0.3268511593118923	1.0	1.0	1.0	0.5458422174840085	1.0	0.8833378341884958	0.5250772521987164	0.5220063929186133	0.3268511593118923	0.49414519906323184	0.3934065934065934	0.35384615384615387	0.35384615384615387	0.7584711303876389	0.3934065934065934	0.8833378341884958	0.3714775790247488	0.8833378341884958	0.3714775790247488	0.3714775790247488	1.0	1.0	0.3934065934065934	0.35384615384615387	0.3934065934065934	1.0	0.5658000536049317	1.0	0.8833378341884958	0.3934065934065934	1.0	1.0	0.35384615384615387	0.3934065934065934	0.3268511593118923	0.3714775790247488	0.5458422174840085	0.35384615384615387	0.5458422174840085	0.5357774968394438	0.3934065934065934	0.5458422174840085	0.3714775790247488	0.5220063929186133	0.49414519906323184	1.0	1.0	0.35384615384615387
0.5241212609527647	0.36819179469863245	0.39017763135550043	0.3471502590673575	0.8061041292639138	0.8061041292639138	0.5958113638877622	0.6737746772627566	0.8784174975876488	0.39017763135550043	0.3471502590673575	0.6543736665650717	0.39017763135550043	0.8061041292639138	0.6543736665650717	0.4111551356293813	0.6933741381217506	0.39017763135550043	0.4111551356293813	0.31524171491492914	0.8061041292639138	1.0	0.39017763135550043	0.39017763135550043	0.39017763135550043	0.3471502590673575	0.6394726981639813	0.8061041292639138	0.8061041292639138	0.6543736665650717	0.39017763135550043	0.3471502590673575	0.3471502590673575	0.5517109072517353	0.45290733437059016	1.0	0.8061041292639138	0.3471502590673575	0.8061041292639138	0.3471502590673575	0.8061041292639138	0.8061041292639138	0.4111551356293813	0.8061041292639138	0.6543736665650717	0.8061041292639138	0.3471502590673575	0.39017763135550043	0.39017763135550043	0.8061041292639138	0.39017763135550043	0.34856788336263056	0.8061041292639138	0.8061041292639138	0.8061041292639138	0.632016632016632	0.8061041292639138	0.6933741381217506	0.61220505013734	0.6394726981639813	0.34856788336263056	0.5947249919588292	0.4111551356293813	0.3471502590673575	0.3471502590673575	0.6294803033105234	0.4111551356293813	0.6933741381217506	0.39017763135550043	0.6933741381217506	0.39017763135550043	0.39017763135550043	0.8061041292639138	0.8061041292639138	0.4111551356293813	0.3471502590673575	0.4111551356293813	0.8061041292639138	0.41831238779174146	0.8061041292639138	0.6933741381217506	0.4111551356293813	0.8061041292639138	0.8061041292639138	0.3471502590673575	0.4111551356293813	0.34856788336263056	0.39017763135550043	0.632016632016632	0.3471502590673575	0.632016632016632	0.5517109072517353	0.4111551356293813	0.632016632016632	0.39017763135550043	0.6394726981639813	0.5947249919588292	0.8061041292639138	0.8061041292639138	0.3471502590673575
